100 98 2 0 1.04 1471
200 98 2 0 1.08 1493
300 100 0 0 1.03 1521
400 98 2 0 1.02 1544
500 99 1 0 1.01 1565
600 99 0 1 1.09 1595
700 97 3 0 1.05 1627
800 98 2 0 1.06 1649
900 97 3 0 1.07 1678
1000 99 1 0 1.01 1711
1100 99 1 0 1.05 1732
1200 99 1 0 1.07 1756
1300 99 1 0 1.04 1778
1400 99 1 0 1.02 1807
1500 99 1 0 1.05 1842
1600 98 2 0 1.12 1872
1700 95 3 2 1.02 1890
1800 95 3 2 1.02 1922
1900 97 2 1 1.06 1949
2000 98 1 1 1.03 1977
